0.000000	1.000000
1.000000	8.000000
2.000000	255.000000
3.000000	3280.000000
4.000000	21845.000000
5.000000	97656.000000
6.000000	335923.000000
7.000000	960800.000000
8.000000	2396745.000000
9.000000	5380840.000000
0.000000	0.000000
0.100000	0.000000
0.200000	0.000000
0.300000	0.000006
0.400000	0.000105
0.500000	0.000977
0.600000	0.006047
0.700000	0.028248
0.800000	0.107374
0.900000	0.348678
1.000000	1.000000
1.100000	2.593742
1.200000	6.191736
1.300000	13.785849
1.400000	28.925465
1.500000	57.665039
1.600000	109.951163
1.700000	201.599390
1.800000	357.046723
1.900000	613.106626
0.000000	0.000000
0.100000	0.123400
0.200000	0.310400
0.300000	0.593400
0.400000	1.014400
0.500000	1.625000
0.600000	2.486400
0.700000	3.669400
0.800000	5.254400
0.900000	7.331400
1.000000	10.000000
